# The offset of Fermi energy
11.01171
# mpsh_eigenvalues
  -9.14052
  -8.64805
  -8.47904
  -8.44378
  -8.14795
  -8.00327
  -7.86242
  -7.71848
  -7.58332
  -7.40131
  -7.38759
  -7.12513
  -7.01688
  -6.95414
  -6.69066
  -6.47612
  -6.47158
  -6.38227
  -5.89285
  -5.61503
  -5.60502
  -5.33041
  -5.14510
  -5.10467
  -5.01389
  -4.77309
  -4.68992
  -4.54395
  -4.46842
  -4.37179
  -4.19573
  -4.04619
  -4.03171
  -3.85920
  -3.63088
  -3.58576
  -3.44469
  -3.42451
  -3.23753
  -3.11605
  -3.06789
  -3.00774
  -3.00102
  -2.99302
  -2.97673
  -2.97467
  -2.90873
  -2.89708
  -2.86098
  -2.82895
  -2.81650
  -2.79909
  -2.78830
  -2.73412
  -2.67659
  -2.65678
  -2.61191
  -2.59580
  -2.58445
  -2.55419
  -2.53675
  -2.52753
  -2.46319
  -2.42430
  -2.41668
  -2.40190
  -2.39017
  -2.38863
  -2.38607
  -2.32021
  -2.30909
  -2.30207
  -2.28816
  -2.28493
  -2.13148
  -2.11863
  -2.03159
  -2.01679
  -1.99488
  -1.99395
  -1.95417
  -1.89512
  -1.85909
  -1.82924
  -1.81948
  -1.72769
  -1.68319
  -1.59424
  -1.46010
  -1.34840
  -1.14943
  -0.99062
  -0.95931
  -0.05807
  -0.04030
  -0.02548
  -0.00274
   1.24339
   1.32612
   1.45652
   2.03569
   2.25239
   2.74191
   2.80569
   2.83896
   2.91236
   2.99079
   3.12980
   3.16223
   3.23040
   3.32507
   3.41503
   3.43348
   3.44136
   3.69364
   4.83865
   5.14194
   5.53252
   5.56927
   6.34419
   6.46013
   6.60841
   6.83836
   6.93977
   7.04317
   7.08213
   7.24267
   7.54808
   7.71430
   7.77730
   7.97911
   7.99280
   8.59645
   8.60294
  10.40947
  10.67528
  12.23397
  12.86524
  12.86793
  12.87338
  13.43060
  13.51673
  13.75861
  13.84476
  14.38562
  14.95359
  15.06617
  15.13441
  15.57476
  15.59463
  15.85775
  16.18236
  16.20356
  16.50001
  16.79540
  16.87028
  17.22986
  17.91430
  18.77637
  19.56257
  20.54316
  20.57353
  21.18128
  21.23308
  21.31534
  21.64806
  22.03197
  22.21905
  22.28794
  22.81001
  23.93680
  24.94524
  25.88758
  26.37416
  26.38675
  26.58064
  27.36371
  28.13504
  29.22929
  29.24347
  34.51998
  34.68212
  45.41296
  45.84144
