# The offset of Fermi energy
11.05953
# mpsh_eigenvalues
  -8.52335
  -8.51751
  -8.51253
  -8.23658
  -8.10681
  -7.94957
  -7.88583
  -7.86503
  -7.76729
  -7.58803
  -7.26363
  -7.14552
  -6.98051
  -6.86510
  -6.66966
  -6.62527
  -6.55719
  -6.17276
  -5.64567
  -5.39507
  -5.22400
  -5.15462
  -5.07910
  -4.79745
  -4.75600
  -4.65265
  -4.63219
  -4.60736
  -4.54933
  -4.51010
  -4.35750
  -4.24880
  -4.13736
  -4.00368
  -3.86199
  -3.59242
  -3.52658
  -3.40775
  -3.40503
  -3.31176
  -3.20152
  -3.14739
  -3.13646
  -3.12796
  -3.12699
  -3.10833
  -3.06863
  -3.05291
  -3.03776
  -3.03612
  -2.98106
  -2.97758
  -2.86603
  -2.78896
  -2.77219
  -2.76644
  -2.73486
  -2.72710
  -2.69774
  -2.68212
  -2.59758
  -2.59224
  -2.51824
  -2.51779
  -2.51704
  -2.51347
  -2.48073
  -2.48011
  -2.43014
  -2.42639
  -2.42226
  -2.41919
  -2.37939
  -2.37850
  -2.33682
  -2.33218
  -2.24124
  -2.21471
  -2.19798
  -2.18766
  -2.14592
  -2.10709
  -2.10635
  -2.05455
  -2.04947
  -2.04367
  -2.03880
  -1.99032
  -1.53130
  -0.76802
  -0.62659
  -0.21384
  -0.21050
  -0.13126
  -0.13061
   0.83015
   0.90322
   1.92211
   2.67890
   2.70107
   2.74261
   2.75919
   2.79473
   2.87138
   2.90423
   2.92896
   3.14199
   3.21459
   3.21647
   3.25739
   3.81788
   3.85092
   4.04254
   5.64250
   6.07507
   6.17172
   6.51146
   6.70027
   6.78784
   6.83569
   6.91151
   7.03665
   7.13339
   7.16424
   7.44767
   7.51645
   8.02009
   8.04690
   8.16022
   8.27810
   8.47525
   8.62347
   8.73478
   8.84119
  12.51021
  12.51418
  12.97509
  13.30293
  13.60573
  13.61418
  14.30457
  14.31633
  14.89105
  15.24093
  15.61807
  15.65195
  15.73502
  15.74346
  15.81346
  16.12253
  16.26684
  16.38734
  17.05060
  17.09964
  17.18912
  17.55984
  18.44380
  18.79964
  18.98304
  19.57445
  19.89129
  20.03881
  20.70330
  21.29815
  21.50002
  21.58157
  22.04689
  22.04959
  22.21784
  22.24131
  22.64748
  23.30784
  24.38657
  25.41853
  26.23277
  26.87104
  27.06995
  27.14385
  27.73102
  28.41645
  29.45254
  29.46939
  30.07808
  30.09188
